#  Non-editable header begin --------------------------------------------------------------------------------
# 
#  data format...............: continuous
#  setname...................: 6_N400_filt
#  filename..................: 6_N400_filt.set
#  filepath..................: /Users/gzhang/Downloads/
#  nchan.....................: 30
#  pnts......................: 79400
#  srate.....................: 200
#  nevents...................: 362
#  generated by (bdf)........: 
#  generated by (set)........: 6_N400_filt
#  reported in ..............: 
#  prog Version..............: 10.11
#  creation date.............: 07-Jun-2024 09:59:14
#  user Account..............: 
# 
#  Non-editable header end --------------------------------------------------------------------------------




# item	 bepoch	  ecode	            label	      onset	          diff	     dura	b_flags	   a_flags	  enable	    bin
#                                                 (sec)           (msec)     (msec)    (binary)   (binary)


1     	0     	    202	              ""	      1.6426	      0.00	    0.0	    00000000     00000000	   1	[       ]
2     	0     	    202	              ""	      2.6504	   1007.81	    0.0	    00000000     00000000	   1	[       ]
3     	0     	    121	              ""	      6.6348	   3984.38	    0.0	    00000000     00000000	   1	[       ]
4     	0     	    221	              ""	      7.7510	   1116.21	    0.0	    00000000     00000000	   1	[       ]
5     	0     	    201	              ""	      8.3145	    563.48	    0.0	    00000000     00000000	   1	[       ]
6     	0     	    121	              ""	      9.5010	   1186.52	    0.0	    00000000     00000000	   1	[       ]
7     	0     	    221	              ""	     10.7998	   1298.83	    0.0	    00000000     00000000	   1	[       ]
8     	0     	    201	              ""	     11.2988	    499.02	    0.0	    00000000     00000000	   1	[       ]
9     	0     	    111	              ""	     12.5332	   1234.38	    0.0	    00000000     00000000	   1	[       ]
10    	0     	    211	              ""	     13.6494	   1116.21	    0.0	    00000000     00000000	   1	[       ]
11    	0     	    201	              ""	     14.2500	    600.59	    0.0	    00000000     00000000	   1	[       ]
12    	0     	    111	              ""	     15.3652	   1115.23	    0.0	    00000000     00000000	   1	[       ]
13    	0     	    211	              ""	     16.5811	   1215.82	    0.0	    00000000     00000000	   1	[       ]
14    	0     	    201	              ""	     17.4102	    829.10	    0.0	    00000000     00000000	   1	[       ]
15    	0     	    121	              ""	     18.2979	    887.70	    0.0	    00000000     00000000	   1	[       ]
16    	0     	    221	              ""	     19.4805	   1182.62	    0.0	    00000000     00000000	   1	[       ]
17    	0     	    201	              ""	     20.2266	    746.09	    0.0	    00000000     00000000	   1	[       ]
18    	0     	    111	              ""	     21.2129	    986.33	    0.0	    00000000     00000000	   1	[       ]
19    	0     	    211	              ""	     22.3789	   1166.02	    0.0	    00000000     00000000	   1	[       ]
20    	0     	    201	              ""	     23.0664	    687.50	    0.0	    00000000     00000000	   1	[       ]
21    	0     	    111	              ""	     24.1455	   1079.10	    0.0	    00000000     00000000	   1	[       ]
22    	0     	    211	              ""	     25.2783	   1132.81	    0.0	    00000000     00000000	   1	[       ]
23    	0     	    201	              ""	     25.7617	    483.40	    0.0	    00000000     00000000	   1	[       ]
24    	0     	    121	              ""	     26.9775	   1215.82	    0.0	    00000000     00000000	   1	[       ]
25    	0     	    221	              ""	     28.1943	   1216.80	    0.0	    00000000     00000000	   1	[       ]
26    	0     	    201	              ""	     28.6982	    503.91	    0.0	    00000000     00000000	   1	[       ]
27    	0     	    121	              ""	     29.8936	   1195.31	    0.0	    00000000     00000000	   1	[       ]
28    	0     	    221	              ""	     31.0762	   1182.62	    0.0	    00000000     00000000	   1	[       ]
29    	0     	    201	              ""	     31.6182	    541.99	    0.0	    00000000     00000000	   1	[       ]
30    	0     	    111	              ""	     32.7422	   1124.02	    0.0	    00000000     00000000	   1	[       ]
31    	0     	    211	              ""	     33.9590	   1216.80	    0.0	    00000000     00000000	   1	[       ]
32    	0     	    201	              ""	     34.4102	    451.17	    0.0	    00000000     00000000	   1	[       ]
33    	0     	    111	              ""	     35.6416	   1231.45	    0.0	    00000000     00000000	   1	[       ]
34    	0     	    211	              ""	     36.7578	   1116.21	    0.0	    00000000     00000000	   1	[       ]
35    	0     	    201	              ""	     37.3379	    580.08	    0.0	    00000000     00000000	   1	[       ]
36    	0     	    121	              ""	     38.5068	   1168.95	    0.0	    00000000     00000000	   1	[       ]
37    	0     	    221	              ""	     39.7900	   1283.20	    0.0	    00000000     00000000	   1	[       ]
38    	0     	    201	              ""	     40.2334	    443.36	    0.0	    00000000     00000000	   1	[       ]
39    	0     	    111	              ""	     41.4395	   1206.05	    0.0	    00000000     00000000	   1	[       ]
40    	0     	    211	              ""	     42.6553	   1215.82	    0.0	    00000000     00000000	   1	[       ]
41    	0     	    201	              ""	     43.1221	    466.80	    0.0	    00000000     00000000	   1	[       ]
42    	0     	    121	              ""	     44.3545	   1232.42	    0.0	    00000000     00000000	   1	[       ]
43    	0     	    221	              ""	     45.4707	   1116.21	    0.0	    00000000     00000000	   1	[       ]
44    	0     	    201	              ""	     45.9541	    483.40	    0.0	    00000000     00000000	   1	[       ]
45    	0     	    111	              ""	     47.2373	   1283.20	    0.0	    00000000     00000000	   1	[       ]
46    	0     	    211	              ""	     48.3867	   1149.41	    0.0	    00000000     00000000	   1	[       ]
47    	0     	    201	              ""	     48.8652	    478.52	    0.0	    00000000     00000000	   1	[       ]
48    	0     	    111	              ""	     50.0361	   1170.90	    0.0	    00000000     00000000	   1	[       ]
49    	0     	    211	              ""	     51.3193	   1283.20	    0.0	    00000000     00000000	   1	[       ]
50    	0     	    201	              ""	     51.6416	    322.27	    0.0	    00000000     00000000	   1	[       ]
51    	0     	    111	              ""	     53.1182	   1476.56	    0.0	    00000000     00000000	   1	[       ]
52    	0     	    211	              ""	     54.2676	   1149.41	    0.0	    00000000     00000000	   1	[       ]
53    	0     	    202	              ""	     54.7295	    461.91	    0.0	    00000000     00000000	   1	[       ]
54    	0     	    111	              ""	     55.9336	   1204.10	    0.0	    00000000     00000000	   1	[       ]
55    	0     	    211	              ""	     57.0840	   1150.39	    0.0	    00000000     00000000	   1	[       ]
56    	0     	    201	              ""	     57.4814	    397.46	    0.0	    00000000     00000000	   1	[       ]
57    	0     	    121	              ""	     58.8164	   1334.96	    0.0	    00000000     00000000	   1	[       ]
58    	0     	    221	              ""	     60.0996	   1283.20	    0.0	    00000000     00000000	   1	[       ]
59    	0     	    201	              ""	     60.5537	    454.10	    0.0	    00000000     00000000	   1	[       ]
60    	0     	    111	              ""	     61.7822	   1228.52	    0.0	    00000000     00000000	   1	[       ]
61    	0     	    211	              ""	     63.0811	   1298.83	    0.0	    00000000     00000000	   1	[       ]
62    	0     	    201	              ""	     63.4258	    344.73	    0.0	    00000000     00000000	   1	[       ]
63    	0     	    121	              ""	     70.5791	   7153.32	    0.0	    00000000     00000000	   1	[       ]
64    	0     	    221	              ""	     71.7285	   1149.41	    0.0	    00000000     00000000	   1	[       ]
65    	0     	    201	              ""	     72.2734	    544.92	    0.0	    00000000     00000000	   1	[       ]
66    	0     	    121	              ""	     73.3613	   1087.89	    0.0	    00000000     00000000	   1	[       ]
67    	0     	    221	              ""	     74.4941	   1132.81	    0.0	    00000000     00000000	   1	[       ]
68    	0     	    201	              ""	     75.1768	    682.62	    0.0	    00000000     00000000	   1	[       ]
69    	0     	    121	              ""	     76.1768	   1000.00	    0.0	    00000000     00000000	   1	[       ]
70    	0     	    221	              ""	     77.4434	   1266.60	    0.0	    00000000     00000000	   1	[       ]
71    	0     	    201	              ""	     77.9131	    469.73	    0.0	    00000000     00000000	   1	[       ]
72    	0     	    121	              ""	     79.1094	   1196.29	    0.0	    00000000     00000000	   1	[       ]
73    	0     	    221	              ""	     80.2256	   1116.21	    0.0	    00000000     00000000	   1	[       ]
74    	0     	    201	              ""	     80.7607	    535.16	    0.0	    00000000     00000000	   1	[       ]
75    	0     	    121	              ""	     81.9746	   1213.87	    0.0	    00000000     00000000	   1	[       ]
76    	0     	    221	              ""	     83.2080	   1233.40	    0.0	    00000000     00000000	   1	[       ]
77    	0     	    201	              ""	     83.6973	    489.26	    0.0	    00000000     00000000	   1	[       ]
78    	0     	    121	              ""	     84.8232	   1125.98	    0.0	    00000000     00000000	   1	[       ]
79    	0     	    221	              ""	     86.0400	   1216.80	    0.0	    00000000     00000000	   1	[       ]
80    	0     	    201	              ""	     86.5605	    520.51	    0.0	    00000000     00000000	   1	[       ]
81    	0     	    111	              ""	     87.7725	   1211.91	    0.0	    00000000     00000000	   1	[       ]
82    	0     	    211	              ""	     88.9893	   1216.80	    0.0	    00000000     00000000	   1	[       ]
83    	0     	    201	              ""	     89.3447	    355.47	    0.0	    00000000     00000000	   1	[       ]
84    	0     	    121	              ""	     90.7383	   1393.55	    0.0	    00000000     00000000	   1	[       ]
85    	0     	    221	              ""	     92.0215	   1283.20	    0.0	    00000000     00000000	   1	[       ]
86    	0     	    201	              ""	     92.4326	    411.13	    0.0	    00000000     00000000	   1	[       ]
87    	0     	    111	              ""	     93.7207	   1288.09	    0.0	    00000000     00000000	   1	[       ]
88    	0     	    211	              ""	     94.9033	   1182.62	    0.0	    00000000     00000000	   1	[       ]
89    	0     	    201	              ""	     95.4805	    577.15	    0.0	    00000000     00000000	   1	[       ]
90    	0     	    121	              ""	     96.6865	   1206.05	    0.0	    00000000     00000000	   1	[       ]
91    	0     	    221	              ""	     97.7861	   1099.61	    0.0	    00000000     00000000	   1	[       ]
92    	0     	    201	              ""	     98.1602	    374.02	    0.0	    00000000     00000000	   1	[       ]
93    	0     	    111	              ""	     99.5850	   1424.80	    0.0	    00000000     00000000	   1	[       ]
94    	0     	    211	              ""	    100.7012	   1116.21	    0.0	    00000000     00000000	   1	[       ]
95    	0     	    201	              ""	    100.9922	    291.02	    0.0	    00000000     00000000	   1	[       ]
96    	0     	    111	              ""	    102.3838	   1391.60	    0.0	    00000000     00000000	   1	[       ]
97    	0     	    211	              ""	    103.6338	   1250.00	    0.0	    00000000     00000000	   1	[       ]
98    	0     	    202	              ""	    104.1602	    526.37	    0.0	    00000000     00000000	   1	[       ]
99    	0     	    121	              ""	    105.3164	   1156.25	    0.0	    00000000     00000000	   1	[       ]
100   	0     	    221	              ""	    106.5996	   1283.20	    0.0	    00000000     00000000	   1	[       ]
101   	0     	    201	              ""	    107.1602	    560.55	    0.0	    00000000     00000000	   1	[       ]
102   	0     	    121	              ""	    108.3320	   1171.88	    0.0	    00000000     00000000	   1	[       ]
103   	0     	    221	              ""	    109.4482	   1116.21	    0.0	    00000000     00000000	   1	[       ]
104   	0     	    201	              ""	    110.1768	    728.52	    0.0	    00000000     00000000	   1	[       ]
105   	0     	    111	              ""	    111.0811	    904.30	    0.0	    00000000     00000000	   1	[       ]
106   	0     	    211	              ""	    112.1973	   1116.21	    0.0	    00000000     00000000	   1	[       ]
107   	0     	    201	              ""	    112.5527	    355.47	    0.0	    00000000     00000000	   1	[       ]
108   	0     	    111	              ""	    113.9629	   1410.16	    0.0	    00000000     00000000	   1	[       ]
109   	0     	    211	              ""	    115.1299	   1166.99	    0.0	    00000000     00000000	   1	[       ]
110   	0     	    201	              ""	    115.4961	    366.21	    0.0	    00000000     00000000	   1	[       ]
111   	0     	    111	              ""	    116.8623	   1366.21	    0.0	    00000000     00000000	   1	[       ]
112   	0     	    211	              ""	    118.0781	   1215.82	    0.0	    00000000     00000000	   1	[       ]
113   	0     	    201	              ""	    118.3926	    314.45	    0.0	    00000000     00000000	   1	[       ]
114   	0     	    111	              ""	    119.7275	   1334.96	    0.0	    00000000     00000000	   1	[       ]
115   	0     	    211	              ""	    121.0273	   1299.80	    0.0	    00000000     00000000	   1	[       ]
116   	0     	    201	              ""	    121.4482	    420.90	    0.0	    00000000     00000000	   1	[       ]
117   	0     	    111	              ""	    122.7598	   1311.52	    0.0	    00000000     00000000	   1	[       ]
118   	0     	    211	              ""	    123.9766	   1216.80	    0.0	    00000000     00000000	   1	[       ]
119   	0     	    201	              ""	    124.5195	    542.97	    0.0	    00000000     00000000	   1	[       ]
120   	0     	    111	              ""	    125.6094	   1089.84	    0.0	    00000000     00000000	   1	[       ]
121   	0     	    211	              ""	    126.7920	   1182.62	    0.0	    00000000     00000000	   1	[       ]
122   	0     	    201	              ""	    127.1924	    400.39	    0.0	    00000000     00000000	   1	[       ]
123   	0     	    111	              ""	    133.9229	   6730.47	    0.0	    00000000     00000000	   1	[       ]
124   	0     	    211	              ""	    135.1221	   1199.22	    0.0	    00000000     00000000	   1	[       ]
125   	0     	    201	              ""	    135.5674	    445.31	    0.0	    00000000     00000000	   1	[       ]
126   	0     	    121	              ""	    136.8389	   1271.48	    0.0	    00000000     00000000	   1	[       ]
127   	0     	    221	              ""	    137.9883	   1149.41	    0.0	    00000000     00000000	   1	[       ]
128   	0     	    201	              ""	    138.4961	    507.81	    0.0	    00000000     00000000	   1	[       ]
129   	0     	    111	              ""	    139.6377	   1141.60	    0.0	    00000000     00000000	   1	[       ]
130   	0     	    211	              ""	    140.9199	   1282.23	    0.0	    00000000     00000000	   1	[       ]
131   	0     	    201	              ""	    141.3760	    456.05	    0.0	    00000000     00000000	   1	[       ]
132   	0     	    111	              ""	    142.6699	   1293.95	    0.0	    00000000     00000000	   1	[       ]
133   	0     	    211	              ""	    143.8193	   1149.41	    0.0	    00000000     00000000	   1	[       ]
134   	0     	    201	              ""	    144.3037	    484.38	    0.0	    00000000     00000000	   1	[       ]
135   	0     	    121	              ""	    145.5850	   1281.25	    0.0	    00000000     00000000	   1	[       ]
136   	0     	    221	              ""	    146.8350	   1250.00	    0.0	    00000000     00000000	   1	[       ]
137   	0     	    201	              ""	    147.2471	    412.11	    0.0	    00000000     00000000	   1	[       ]
138   	0     	    121	              ""	    148.4678	   1220.70	    0.0	    00000000     00000000	   1	[       ]
139   	0     	    221	              ""	    149.6836	   1215.82	    0.0	    00000000     00000000	   1	[       ]
140   	0     	    201	              ""	    150.0635	    379.88	    0.0	    00000000     00000000	   1	[       ]
141   	0     	    121	              ""	    151.3662	   1302.73	    0.0	    00000000     00000000	   1	[       ]
142   	0     	    221	              ""	    152.6494	   1283.20	    0.0	    00000000     00000000	   1	[       ]
143   	0     	    201	              ""	    153.3994	    750.00	    0.0	    00000000     00000000	   1	[       ]
144   	0     	    121	              ""	    154.2656	    866.21	    0.0	    00000000     00000000	   1	[       ]
145   	0     	    221	              ""	    155.4150	   1149.41	    0.0	    00000000     00000000	   1	[       ]
146   	0     	    201	              ""	    155.8555	    440.43	    0.0	    00000000     00000000	   1	[       ]
147   	0     	    121	              ""	    157.1309	   1275.39	    0.0	    00000000     00000000	   1	[       ]
148   	0     	    221	              ""	    158.3477	   1216.80	    0.0	    00000000     00000000	   1	[       ]
149   	0     	    201	              ""	    158.7988	    451.17	    0.0	    00000000     00000000	   1	[       ]
150   	0     	    111	              ""	    160.0967	   1297.85	    0.0	    00000000     00000000	   1	[       ]
151   	0     	    211	              ""	    161.3633	   1266.60	    0.0	    00000000     00000000	   1	[       ]
152   	0     	    201	              ""	    161.7275	    364.26	    0.0	    00000000     00000000	   1	[       ]
153   	0     	    111	              ""	    163.0127	   1285.16	    0.0	    00000000     00000000	   1	[       ]
154   	0     	    211	              ""	    164.1289	   1116.21	    0.0	    00000000     00000000	   1	[       ]
155   	0     	    201	              ""	    164.4229	    293.95	    0.0	    00000000     00000000	   1	[       ]
156   	0     	    121	              ""	    165.8281	   1405.27	    0.0	    00000000     00000000	   1	[       ]
157   	0     	    221	              ""	    167.0107	   1182.62	    0.0	    00000000     00000000	   1	[       ]
158   	0     	    201	              ""	    167.3828	    372.07	    0.0	    00000000     00000000	   1	[       ]
159   	0     	    121	              ""	    168.7607	   1377.93	    0.0	    00000000     00000000	   1	[       ]
160   	0     	    221	              ""	    169.8770	   1116.21	    0.0	    00000000     00000000	   1	[       ]
161   	0     	    201	              ""	    170.3193	    442.38	    0.0	    00000000     00000000	   1	[       ]
162   	0     	    111	              ""	    171.5264	   1207.03	    0.0	    00000000     00000000	   1	[       ]
163   	0     	    211	              ""	    172.6758	   1149.41	    0.0	    00000000     00000000	   1	[       ]
164   	0     	    201	              ""	    173.1426	    466.80	    0.0	    00000000     00000000	   1	[       ]
165   	0     	    121	              ""	    174.3750	   1232.42	    0.0	    00000000     00000000	   1	[       ]
166   	0     	    221	              ""	    175.5742	   1199.22	    0.0	    00000000     00000000	   1	[       ]
167   	0     	    201	              ""	    175.8711	    296.88	    0.0	    00000000     00000000	   1	[       ]
168   	0     	    121	              ""	    177.3076	   1436.52	    0.0	    00000000     00000000	   1	[       ]
169   	0     	    221	              ""	    178.5400	   1232.42	    0.0	    00000000     00000000	   1	[       ]
170   	0     	    201	              ""	    178.9424	    402.34	    0.0	    00000000     00000000	   1	[       ]
171   	0     	    111	              ""	    180.2061	   1263.67	    0.0	    00000000     00000000	   1	[       ]
172   	0     	    211	              ""	    181.3389	   1132.81	    0.0	    00000000     00000000	   1	[       ]
173   	0     	    201	              ""	    181.5908	    251.95	    0.0	    00000000     00000000	   1	[       ]
174   	0     	    121	              ""	    182.9883	   1397.46	    0.0	    00000000     00000000	   1	[       ]
175   	0     	    221	              ""	    184.2383	   1250.00	    0.0	    00000000     00000000	   1	[       ]
176   	0     	    201	              ""	    184.6631	    424.80	    0.0	    00000000     00000000	   1	[       ]
177   	0     	    121	              ""	    185.8711	   1208.01	    0.0	    00000000     00000000	   1	[       ]
178   	0     	    221	              ""	    187.1543	   1283.20	    0.0	    00000000     00000000	   1	[       ]
179   	0     	    201	              ""	    187.5430	    388.67	    0.0	    00000000     00000000	   1	[       ]
180   	0     	    111	              ""	    188.8867	   1343.75	    0.0	    00000000     00000000	   1	[       ]
181   	0     	    211	              ""	    190.0361	   1149.41	    0.0	    00000000     00000000	   1	[       ]
182   	0     	    201	              ""	    190.3428	    306.64	    0.0	    00000000     00000000	   1	[       ]
183   	0     	    122	              ""	    196.7666	   6423.83	    0.0	    00000000     00000000	   1	[       ]
184   	0     	    222	              ""	    198.0332	   1266.60	    0.0	    00000000     00000000	   1	[       ]
185   	0     	    202	              ""	    198.2705	    237.30	    0.0	    00000000     00000000	   1	[       ]
186   	0     	    122	              ""	    199.6826	   1412.11	    0.0	    00000000     00000000	   1	[       ]
187   	0     	    222	              ""	    200.8652	   1182.62	    0.0	    00000000     00000000	   1	[       ]
188   	0     	    202	              ""	    201.2139	    348.63	    0.0	    00000000     00000000	   1	[       ]
189   	0     	    122	              ""	    202.5986	   1384.77	    0.0	    00000000     00000000	   1	[       ]
190   	0     	    222	              ""	    203.7979	   1199.22	    0.0	    00000000     00000000	   1	[       ]
191   	0     	    201	              ""	    204.2139	    416.02	    0.0	    00000000     00000000	   1	[       ]
192   	0     	    112	              ""	    205.5635	   1349.61	    0.0	    00000000     00000000	   1	[       ]
193   	0     	    212	              ""	    206.8301	   1266.60	    0.0	    00000000     00000000	   1	[       ]
194   	0     	    201	              ""	    207.0859	    255.86	    0.0	    00000000     00000000	   1	[       ]
195   	0     	    122	              ""	    208.6133	   1527.34	    0.0	    00000000     00000000	   1	[       ]
196   	0     	    222	              ""	    209.8125	   1199.22	    0.0	    00000000     00000000	   1	[       ]
197   	0     	    201	              ""	    210.1982	    385.74	    0.0	    00000000     00000000	   1	[       ]
198   	0     	    122	              ""	    211.5117	   1313.48	    0.0	    00000000     00000000	   1	[       ]
199   	0     	    222	              ""	    212.7285	   1216.80	    0.0	    00000000     00000000	   1	[       ]
200   	0     	    201	              ""	    213.3818	    653.32	    0.0	    00000000     00000000	   1	[       ]
201   	0     	    122	              ""	    214.4941	   1112.30	    0.0	    00000000     00000000	   1	[       ]
202   	0     	    222	              ""	    215.7432	   1249.02	    0.0	    00000000     00000000	   1	[       ]
203   	0     	    201	              ""	    216.1416	    398.44	    0.0	    00000000     00000000	   1	[       ]
204   	0     	    122	              ""	    217.5264	   1384.77	    0.0	    00000000     00000000	   1	[       ]
205   	0     	    222	              ""	    218.7256	   1199.22	    0.0	    00000000     00000000	   1	[       ]
206   	0     	    201	              ""	    219.1660	    440.43	    0.0	    00000000     00000000	   1	[       ]
207   	0     	    122	              ""	    220.3916	   1225.59	    0.0	    00000000     00000000	   1	[       ]
208   	0     	    222	              ""	    221.5586	   1166.99	    0.0	    00000000     00000000	   1	[       ]
209   	0     	    201	              ""	    222.0381	    479.49	    0.0	    00000000     00000000	   1	[       ]
210   	0     	    112	              ""	    223.2744	   1236.33	    0.0	    00000000     00000000	   1	[       ]
211   	0     	    212	              ""	    224.5400	   1265.62	    0.0	    00000000     00000000	   1	[       ]
212   	0     	    201	              ""	    224.8936	    353.52	    0.0	    00000000     00000000	   1	[       ]
213   	0     	    122	              ""	    226.2900	   1396.48	    0.0	    00000000     00000000	   1	[       ]
214   	0     	    222	              ""	    227.5225	   1232.42	    0.0	    00000000     00000000	   1	[       ]
215   	0     	    201	              ""	    227.8613	    338.87	    0.0	    00000000     00000000	   1	[       ]
216   	0     	    112	              ""	    229.3057	   1444.34	    0.0	    00000000     00000000	   1	[       ]
217   	0     	    212	              ""	    230.4551	   1149.41	    0.0	    00000000     00000000	   1	[       ]
218   	0     	    201	              ""	    230.8936	    438.48	    0.0	    00000000     00000000	   1	[       ]
219   	0     	    112	              ""	    232.0879	   1194.34	    0.0	    00000000     00000000	   1	[       ]
220   	0     	    212	              ""	    233.2539	   1166.02	    0.0	    00000000     00000000	   1	[       ]
221   	0     	    201	              ""	    233.6621	    408.20	    0.0	    00000000     00000000	   1	[       ]
222   	0     	    122	              ""	    234.9365	   1274.41	    0.0	    00000000     00000000	   1	[       ]
223   	0     	    222	              ""	    236.0693	   1132.81	    0.0	    00000000     00000000	   1	[       ]
224   	0     	    201	              ""	    236.4697	    400.39	    0.0	    00000000     00000000	   1	[       ]
225   	0     	    112	              ""	    237.8193	   1349.61	    0.0	    00000000     00000000	   1	[       ]
226   	0     	    212	              ""	    239.0684	   1249.02	    0.0	    00000000     00000000	   1	[       ]
227   	0     	    201	              ""	    239.4053	    336.91	    0.0	    00000000     00000000	   1	[       ]
228   	0     	    112	              ""	    240.6846	   1279.30	    0.0	    00000000     00000000	   1	[       ]
229   	0     	    212	              ""	    241.9512	   1266.60	    0.0	    00000000     00000000	   1	[       ]
230   	0     	    201	              ""	    242.4375	    486.33	    0.0	    00000000     00000000	   1	[       ]
231   	0     	    112	              ""	    243.6504	   1212.89	    0.0	    00000000     00000000	   1	[       ]
232   	0     	    212	              ""	    244.9336	   1283.20	    0.0	    00000000     00000000	   1	[       ]
233   	0     	    201	              ""	    245.3252	    391.60	    0.0	    00000000     00000000	   1	[       ]
234   	0     	    122	              ""	    246.7158	   1390.62	    0.0	    00000000     00000000	   1	[       ]
235   	0     	    222	              ""	    247.8320	   1116.21	    0.0	    00000000     00000000	   1	[       ]
236   	0     	    201	              ""	    248.3252	    493.16	    0.0	    00000000     00000000	   1	[       ]
237   	0     	    122	              ""	    249.4648	   1139.65	    0.0	    00000000     00000000	   1	[       ]
238   	0     	    222	              ""	    250.5811	   1116.21	    0.0	    00000000     00000000	   1	[       ]
239   	0     	    201	              ""	    251.0293	    448.24	    0.0	    00000000     00000000	   1	[       ]
240   	0     	    122	              ""	    252.2139	   1184.57	    0.0	    00000000     00000000	   1	[       ]
241   	0     	    222	              ""	    253.3965	   1182.62	    0.0	    00000000     00000000	   1	[       ]
242   	0     	    201	              ""	    253.8213	    424.80	    0.0	    00000000     00000000	   1	[       ]
243   	0     	    112	              ""	    260.2607	   6439.45	    0.0	    00000000     00000000	   1	[       ]
244   	0     	    212	              ""	    261.4111	   1150.39	    0.0	    00000000     00000000	   1	[       ]
245   	0     	    201	              ""	    261.7246	    313.48	    0.0	    00000000     00000000	   1	[       ]
246   	0     	    112	              ""	    263.1270	   1402.34	    0.0	    00000000     00000000	   1	[       ]
247   	0     	    212	              ""	    264.4258	   1298.83	    0.0	    00000000     00000000	   1	[       ]
248   	0     	    201	              ""	    264.8213	    395.51	    0.0	    00000000     00000000	   1	[       ]
249   	0     	    122	              ""	    266.0928	   1271.48	    0.0	    00000000     00000000	   1	[       ]
250   	0     	    222	              ""	    267.3418	   1249.02	    0.0	    00000000     00000000	   1	[       ]
251   	0     	    201	              ""	    267.8213	    479.49	    0.0	    00000000     00000000	   1	[       ]
252   	0     	    122	              ""	    269.0908	   1269.53	    0.0	    00000000     00000000	   1	[       ]
253   	0     	    222	              ""	    270.3574	   1266.60	    0.0	    00000000     00000000	   1	[       ]
254   	0     	    201	              ""	    270.7090	    351.56	    0.0	    00000000     00000000	   1	[       ]
255   	0     	    122	              ""	    272.1572	   1448.24	    0.0	    00000000     00000000	   1	[       ]
256   	0     	    222	              ""	    273.4561	   1298.83	    0.0	    00000000     00000000	   1	[       ]
257   	0     	    201	              ""	    273.7969	    340.82	    0.0	    00000000     00000000	   1	[       ]
258   	0     	    112	              ""	    275.1055	   1308.59	    0.0	    00000000     00000000	   1	[       ]
259   	0     	    212	              ""	    276.2549	   1149.41	    0.0	    00000000     00000000	   1	[       ]
260   	0     	    201	              ""	    276.4932	    238.28	    0.0	    00000000     00000000	   1	[       ]
261   	0     	    112	              ""	    277.8711	   1377.93	    0.0	    00000000     00000000	   1	[       ]
262   	0     	    212	              ""	    279.1709	   1299.80	    0.0	    00000000     00000000	   1	[       ]
263   	0     	    201	              ""	    279.4287	    257.81	    0.0	    00000000     00000000	   1	[       ]
264   	0     	    112	              ""	    280.8037	   1375.00	    0.0	    00000000     00000000	   1	[       ]
265   	0     	    212	              ""	    282.0195	   1215.82	    0.0	    00000000     00000000	   1	[       ]
266   	0     	    201	              ""	    282.3643	    344.73	    0.0	    00000000     00000000	   1	[       ]
267   	0     	    112	              ""	    283.6865	   1322.27	    0.0	    00000000     00000000	   1	[       ]
268   	0     	    212	              ""	    284.8691	   1182.62	    0.0	    00000000     00000000	   1	[       ]
269   	0     	    201	              ""	    285.1641	    294.92	    0.0	    00000000     00000000	   1	[       ]
270   	0     	    112	              ""	    286.5352	   1371.09	    0.0	    00000000     00000000	   1	[       ]
271   	0     	    212	              ""	    287.7510	   1215.82	    0.0	    00000000     00000000	   1	[       ]
272   	0     	    202	              ""	    288.2686	    517.58	    0.0	    00000000     00000000	   1	[       ]
273   	0     	    112	              ""	    289.5342	   1265.62	    0.0	    00000000     00000000	   1	[       ]
274   	0     	    212	              ""	    290.7666	   1232.42	    0.0	    00000000     00000000	   1	[       ]
275   	0     	    201	              ""	    291.2842	    517.58	    0.0	    00000000     00000000	   1	[       ]
276   	0     	    122	              ""	    292.3828	   1098.63	    0.0	    00000000     00000000	   1	[       ]
277   	0     	    222	              ""	    293.5322	   1149.41	    0.0	    00000000     00000000	   1	[       ]
278   	0     	    201	              ""	    293.9561	    423.83	    0.0	    00000000     00000000	   1	[       ]
279   	0     	    112	              ""	    295.3320	   1375.98	    0.0	    00000000     00000000	   1	[       ]
280   	0     	    212	              ""	    296.6152	   1283.20	    0.0	    00000000     00000000	   1	[       ]
281   	0     	    201	              ""	    296.8447	    229.49	    0.0	    00000000     00000000	   1	[       ]
282   	0     	    122	              ""	    298.3975	   1552.73	    0.0	    00000000     00000000	   1	[       ]
283   	0     	    222	              ""	    299.6133	   1215.82	    0.0	    00000000     00000000	   1	[       ]
284   	0     	    201	              ""	    300.0361	    422.85	    0.0	    00000000     00000000	   1	[       ]
285   	0     	    112	              ""	    301.3467	   1310.55	    0.0	    00000000     00000000	   1	[       ]
286   	0     	    212	              ""	    302.4463	   1099.61	    0.0	    00000000     00000000	   1	[       ]
287   	0     	    201	              ""	    302.7559	    309.57	    0.0	    00000000     00000000	   1	[       ]
288   	0     	    122	              ""	    304.2451	   1489.26	    0.0	    00000000     00000000	   1	[       ]
289   	0     	    222	              ""	    305.3613	   1116.21	    0.0	    00000000     00000000	   1	[       ]
290   	0     	    201	              ""	    305.7236	    362.30	    0.0	    00000000     00000000	   1	[       ]
291   	0     	    112	              ""	    307.0439	   1320.31	    0.0	    00000000     00000000	   1	[       ]
292   	0     	    212	              ""	    308.2441	   1200.20	    0.0	    00000000     00000000	   1	[       ]
293   	0     	    201	              ""	    308.5400	    295.90	    0.0	    00000000     00000000	   1	[       ]
294   	0     	    122	              ""	    310.0264	   1486.33	    0.0	    00000000     00000000	   1	[       ]
295   	0     	    222	              ""	    311.2266	   1200.20	    0.0	    00000000     00000000	   1	[       ]
296   	0     	    201	              ""	    311.6436	    416.99	    0.0	    00000000     00000000	   1	[       ]
297   	0     	    112	              ""	    313.0254	   1381.84	    0.0	    00000000     00000000	   1	[       ]
298   	0     	    212	              ""	    314.3086	   1283.20	    0.0	    00000000     00000000	   1	[       ]
299   	0     	    202	              ""	    314.6357	    327.15	    0.0	    00000000     00000000	   1	[       ]
300   	0     	    112	              ""	    315.9248	   1289.06	    0.0	    00000000     00000000	   1	[       ]
301   	0     	    212	              ""	    317.1240	   1199.22	    0.0	    00000000     00000000	   1	[       ]
302   	0     	    202	              ""	    317.5479	    423.83	    0.0	    00000000     00000000	   1	[       ]
303   	0     	    122	              ""	    323.9883	   6440.43	    0.0	    00000000     00000000	   1	[       ]
304   	0     	    222	              ""	    325.2715	   1283.20	    0.0	    00000000     00000000	   1	[       ]
305   	0     	    201	              ""	    325.6279	    356.45	    0.0	    00000000     00000000	   1	[       ]
306   	0     	    122	              ""	    326.8877	   1259.77	    0.0	    00000000     00000000	   1	[       ]
307   	0     	    222	              ""	    328.1865	   1298.83	    0.0	    00000000     00000000	   1	[       ]
308   	0     	    201	              ""	    328.6279	    441.41	    0.0	    00000000     00000000	   1	[       ]
309   	0     	    112	              ""	    329.9365	   1308.59	    0.0	    00000000     00000000	   1	[       ]
310   	0     	    212	              ""	    331.0693	   1132.81	    0.0	    00000000     00000000	   1	[       ]
311   	0     	    201	              ""	    331.3320	    262.70	    0.0	    00000000     00000000	   1	[       ]
312   	0     	    112	              ""	    332.6689	   1336.91	    0.0	    00000000     00000000	   1	[       ]
313   	0     	    212	              ""	    333.7686	   1099.61	    0.0	    00000000     00000000	   1	[       ]
314   	0     	    201	              ""	    334.0518	    283.20	    0.0	    00000000     00000000	   1	[       ]
315   	0     	    112	              ""	    335.4678	   1416.02	    0.0	    00000000     00000000	   1	[       ]
316   	0     	    212	              ""	    336.6006	   1132.81	    0.0	    00000000     00000000	   1	[       ]
317   	0     	    201	              ""	    336.9150	    314.45	    0.0	    00000000     00000000	   1	[       ]
318   	0     	    122	              ""	    338.2334	   1318.36	    0.0	    00000000     00000000	   1	[       ]
319   	0     	    222	              ""	    339.4658	   1232.42	    0.0	    00000000     00000000	   1	[       ]
320   	0     	    201	              ""	    339.9238	    458.01	    0.0	    00000000     00000000	   1	[       ]
321   	0     	    112	              ""	    341.1152	   1191.41	    0.0	    00000000     00000000	   1	[       ]
322   	0     	    212	              ""	    342.3818	   1266.60	    0.0	    00000000     00000000	   1	[       ]
323   	0     	    202	              ""	    342.6914	    309.57	    0.0	    00000000     00000000	   1	[       ]
324   	0     	    112	              ""	    344.0312	   1339.84	    0.0	    00000000     00000000	   1	[       ]
325   	0     	    212	              ""	    345.1973	   1166.02	    0.0	    00000000     00000000	   1	[       ]
326   	0     	    201	              ""	    345.4756	    278.32	    0.0	    00000000     00000000	   1	[       ]
327   	0     	    122	              ""	    346.9297	   1454.10	    0.0	    00000000     00000000	   1	[       ]
328   	0     	    222	              ""	    348.1963	   1266.60	    0.0	    00000000     00000000	   1	[       ]
329   	0     	    201	              ""	    348.5791	    382.81	    0.0	    00000000     00000000	   1	[       ]
330   	0     	    122	              ""	    349.9287	   1349.61	    0.0	    00000000     00000000	   1	[       ]
331   	0     	    222	              ""	    351.2119	   1283.20	    0.0	    00000000     00000000	   1	[       ]
332   	0     	    201	              ""	    351.5947	    382.81	    0.0	    00000000     00000000	   1	[       ]
333   	0     	    122	              ""	    352.9277	   1333.01	    0.0	    00000000     00000000	   1	[       ]
334   	0     	    222	              ""	    354.1279	   1200.20	    0.0	    00000000     00000000	   1	[       ]
335   	0     	    201	              ""	    354.5068	    378.91	    0.0	    00000000     00000000	   1	[       ]
336   	0     	    112	              ""	    355.8604	   1353.52	    0.0	    00000000     00000000	   1	[       ]
337   	0     	    212	              ""	    357.0762	   1215.82	    0.0	    00000000     00000000	   1	[       ]
338   	0     	    201	              ""	    357.5547	    478.52	    0.0	    00000000     00000000	   1	[       ]
339   	0     	    112	              ""	    358.7422	   1187.50	    0.0	    00000000     00000000	   1	[       ]
340   	0     	    212	              ""	    360.0254	   1283.20	    0.0	    00000000     00000000	   1	[       ]
341   	0     	    201	              ""	    360.3154	    290.04	    0.0	    00000000     00000000	   1	[       ]
342   	0     	    112	              ""	    361.7744	   1458.98	    0.0	    00000000     00000000	   1	[       ]
343   	0     	    212	              ""	    362.9746	   1200.20	    0.0	    00000000     00000000	   1	[       ]
344   	0     	    201	              ""	    363.2666	    291.99	    0.0	    00000000     00000000	   1	[       ]
345   	0     	    122	              ""	    364.6904	   1423.83	    0.0	    00000000     00000000	   1	[       ]
346   	0     	    222	              ""	    365.9570	   1266.60	    0.0	    00000000     00000000	   1	[       ]
347   	0     	    201	              ""	    366.3232	    366.21	    0.0	    00000000     00000000	   1	[       ]
348   	0     	    122	              ""	    367.6729	   1349.61	    0.0	    00000000     00000000	   1	[       ]
349   	0     	    222	              ""	    368.9385	   1265.62	    0.0	    00000000     00000000	   1	[       ]
350   	0     	    201	              ""	    369.2344	    295.90	    0.0	    00000000     00000000	   1	[       ]
351   	0     	    122	              ""	    370.6387	   1404.30	    0.0	    00000000     00000000	   1	[       ]
352   	0     	    222	              ""	    371.9375	   1298.83	    0.0	    00000000     00000000	   1	[       ]
353   	0     	    201	              ""	    372.4590	    521.48	    0.0	    00000000     00000000	   1	[       ]
354   	0     	    112	              ""	    373.6543	   1195.31	    0.0	    00000000     00000000	   1	[       ]
355   	0     	    212	              ""	    374.8867	   1232.42	    0.0	    00000000     00000000	   1	[       ]
356   	0     	    201	              ""	    375.1543	    267.58	    0.0	    00000000     00000000	   1	[       ]
357   	0     	    112	              ""	    376.6699	   1515.62	    0.0	    00000000     00000000	   1	[       ]
358   	0     	    212	              ""	    377.8193	   1149.41	    0.0	    00000000     00000000	   1	[       ]
359   	0     	    201	              ""	    378.1064	    287.11	    0.0	    00000000     00000000	   1	[       ]
360   	0     	    122	              ""	    379.5020	   1395.51	    0.0	    00000000     00000000	   1	[       ]
361   	0     	    222	              ""	    380.7344	   1232.42	    0.0	    00000000     00000000	   1	[       ]
362   	0     	    202	              ""	    380.9385	    204.10	    0.0	    00000000     00000000	   1	[       ]
