#  Non-editable header begin --------------------------------------------------------------------------------
# 
#  data format...............: continuous
#  setname...................: 13_P3_shifted_ds_reref_ucbip_hpfilt_ica_weighted_new_elist
#  filename..................: 13_P3_shifted_ds_reref_ucbip_hpfilt_ica_weighted_new_elist.set
#  filepath..................: /Users/gzhang/Documents/Demo data/EEGsets/EEG set/
#  nchan.....................: 30
#  pnts......................: 96512
#  srate.....................: 256
#  nevents...................: 401
#  generated by (bdf)........: 
#  generated by (set)........: 13_P3_shifted_ds_reref_ucbip_hpfilt_ica_weighted_new_elist
#  reported in ..............: 
#  prog Version..............: 10.0
#  creation date.............: 12-Feb-2024 14:38:45
#  user Account..............: 
# 
#  Non-editable header end --------------------------------------------------------------------------------




# item	 bepoch	  ecode	            label	      onset	          diff	     dura	b_flags	   a_flags	  enable	    bin
#                                                 (sec)           (msec)     (msec)    (binary)   (binary)


1     	0     	    202	              ""	      1.7217	      0.00	    0.0	    00000000     00000000	   1	[       ]
2     	0     	    202	              ""	      4.9619	   3240.23	    0.0	    00000000     00000000	   1	[       ]
3     	0     	     41	              ""	      9.4102	   4448.24	    0.0	    00000000     00000000	   1	[       ]
4     	0     	    201	              ""	      9.7539	    343.75	    0.0	    00000000     00000000	   1	[       ]
5     	0     	     42	              ""	     10.9092	   1155.27	    0.0	    00000000     00000000	   1	[       ]
6     	0     	    201	              ""	     11.2178	    308.59	    0.0	    00000000     00000000	   1	[       ]
7     	0     	     45	              ""	     12.4922	   1274.41	    0.0	    00000000     00000000	   1	[       ]
8     	0     	    201	              ""	     12.7617	    269.53	    0.0	    00000000     00000000	   1	[       ]
9     	0     	     42	              ""	     14.0752	   1313.48	    0.0	    00000000     00000000	   1	[       ]
10    	0     	    201	              ""	     14.3779	    302.73	    0.0	    00000000     00000000	   1	[       ]
11    	0     	     41	              ""	     15.5410	   1163.09	    0.0	    00000000     00000000	   1	[       ]
12    	0     	    201	              ""	     15.8174	    276.37	    0.0	    00000000     00000000	   1	[       ]
13    	0     	     42	              ""	     17.0068	   1189.45	    0.0	    00000000     00000000	   1	[       ]
14    	0     	    201	              ""	     17.2734	    266.60	    0.0	    00000000     00000000	   1	[       ]
15    	0     	     43	              ""	     18.5732	   1299.80	    0.0	    00000000     00000000	   1	[       ]
16    	0     	    201	              ""	     18.8418	    268.55	    0.0	    00000000     00000000	   1	[       ]
17    	0     	     44	              ""	     20.0557	   1213.87	    0.0	    00000000     00000000	   1	[       ]
18    	0     	    201	              ""	     20.4814	    425.78	    0.0	    00000000     00000000	   1	[       ]
19    	0     	     43	              ""	     21.6387	   1157.23	    0.0	    00000000     00000000	   1	[       ]
20    	0     	    201	              ""	     22.0098	    371.09	    0.0	    00000000     00000000	   1	[       ]
21    	0     	     42	              ""	     23.1211	   1111.33	    0.0	    00000000     00000000	   1	[       ]
22    	0     	    201	              ""	     23.3936	    272.46	    0.0	    00000000     00000000	   1	[       ]
23    	0     	     44	              ""	     24.6875	   1293.95	    0.0	    00000000     00000000	   1	[       ]
24    	0     	    201	              ""	     25.1133	    425.78	    0.0	    00000000     00000000	   1	[       ]
25    	0     	     44	              ""	     26.2871	   1173.83	    0.0	    00000000     00000000	   1	[       ]
26    	0     	    201	              ""	     26.5928	    305.66	    0.0	    00000000     00000000	   1	[       ]
27    	0     	     42	              ""	     27.8193	   1226.56	    0.0	    00000000     00000000	   1	[       ]
28    	0     	    201	              ""	     28.1611	    341.80	    0.0	    00000000     00000000	   1	[       ]
29    	0     	     45	              ""	     29.2695	   1108.40	    0.0	    00000000     00000000	   1	[       ]
30    	0     	    201	              ""	     29.5293	    259.77	    0.0	    00000000     00000000	   1	[       ]
31    	0     	     41	              ""	     30.7852	   1255.86	    0.0	    00000000     00000000	   1	[       ]
32    	0     	    201	              ""	     31.0176	    232.42	    0.0	    00000000     00000000	   1	[       ]
33    	0     	     42	              ""	     32.3682	   1350.59	    0.0	    00000000     00000000	   1	[       ]
34    	0     	    201	              ""	     32.6729	    304.69	    0.0	    00000000     00000000	   1	[       ]
35    	0     	     44	              ""	     33.8174	   1144.53	    0.0	    00000000     00000000	   1	[       ]
36    	0     	    201	              ""	     34.3213	    503.91	    0.0	    00000000     00000000	   1	[       ]
37    	0     	     45	              ""	     35.3672	   1045.90	    0.0	    00000000     00000000	   1	[       ]
38    	0     	    201	              ""	     35.7930	    425.78	    0.0	    00000000     00000000	   1	[       ]
39    	0     	     44	              ""	     36.9004	   1107.42	    0.0	    00000000     00000000	   1	[       ]
40    	0     	    201	              ""	     37.2646	    364.26	    0.0	    00000000     00000000	   1	[       ]
41    	0     	     41	              ""	     38.3496	   1084.96	    0.0	    00000000     00000000	   1	[       ]
42    	0     	    201	              ""	     38.7051	    355.47	    0.0	    00000000     00000000	   1	[       ]
43    	0     	     41	              ""	     39.7656	   1060.55	    0.0	    00000000     00000000	   1	[       ]
44    	0     	    201	              ""	     40.0088	    243.16	    0.0	    00000000     00000000	   1	[       ]
45    	0     	     43	              ""	     41.3486	   1339.84	    0.0	    00000000     00000000	   1	[       ]
46    	0     	    201	              ""	     41.6406	    291.99	    0.0	    00000000     00000000	   1	[       ]
47    	0     	     41	              ""	     42.9473	   1306.64	    0.0	    00000000     00000000	   1	[       ]
48    	0     	    201	              ""	     43.1533	    206.05	    0.0	    00000000     00000000	   1	[       ]
49    	0     	     42	              ""	     44.3975	   1244.14	    0.0	    00000000     00000000	   1	[       ]
50    	0     	    201	              ""	     44.7607	    363.28	    0.0	    00000000     00000000	   1	[       ]
51    	0     	     42	              ""	     45.8633	   1102.54	    0.0	    00000000     00000000	   1	[       ]
52    	0     	    201	              ""	     46.1289	    265.62	    0.0	    00000000     00000000	   1	[       ]
53    	0     	     45	              ""	     47.4463	   1317.38	    0.0	    00000000     00000000	   1	[       ]
54    	0     	    201	              ""	     47.7129	    266.60	    0.0	    00000000     00000000	   1	[       ]
55    	0     	     43	              ""	     48.9287	   1215.82	    0.0	    00000000     00000000	   1	[       ]
56    	0     	    201	              ""	     49.2324	    303.71	    0.0	    00000000     00000000	   1	[       ]
57    	0     	     44	              ""	     50.4785	   1246.09	    0.0	    00000000     00000000	   1	[       ]
58    	0     	    202	              ""	     50.7207	    242.19	    0.0	    00000000     00000000	   1	[       ]
59    	0     	     41	              ""	     51.9941	   1273.44	    0.0	    00000000     00000000	   1	[       ]
60    	0     	    201	              ""	     52.2725	    278.32	    0.0	    00000000     00000000	   1	[       ]
61    	0     	     41	              ""	     53.5107	   1238.28	    0.0	    00000000     00000000	   1	[       ]
62    	0     	    201	              ""	     53.7764	    265.62	    0.0	    00000000     00000000	   1	[       ]
63    	0     	     44	              ""	     55.0430	   1266.60	    0.0	    00000000     00000000	   1	[       ]
64    	0     	    201	              ""	     55.3281	    285.16	    0.0	    00000000     00000000	   1	[       ]
65    	0     	     44	              ""	     56.4766	   1148.44	    0.0	    00000000     00000000	   1	[       ]
66    	0     	    201	              ""	     56.8564	    379.88	    0.0	    00000000     00000000	   1	[       ]
67    	0     	     45	              ""	     57.9092	   1052.73	    0.0	    00000000     00000000	   1	[       ]
68    	0     	    201	              ""	     58.1445	    235.35	    0.0	    00000000     00000000	   1	[       ]
69    	0     	     45	              ""	     59.3418	   1197.27	    0.0	    00000000     00000000	   1	[       ]
70    	0     	    201	              ""	     59.6240	    282.23	    0.0	    00000000     00000000	   1	[       ]
71    	0     	     45	              ""	     60.8584	   1234.38	    0.0	    00000000     00000000	   1	[       ]
72    	0     	    201	              ""	     61.1289	    270.51	    0.0	    00000000     00000000	   1	[       ]
73    	0     	     42	              ""	     62.3574	   1228.52	    0.0	    00000000     00000000	   1	[       ]
74    	0     	    201	              ""	     62.6562	    298.83	    0.0	    00000000     00000000	   1	[       ]
75    	0     	     43	              ""	     63.8066	   1150.39	    0.0	    00000000     00000000	   1	[       ]
76    	0     	    201	              ""	     64.1123	    305.66	    0.0	    00000000     00000000	   1	[       ]
77    	0     	     43	              ""	     65.3896	   1277.34	    0.0	    00000000     00000000	   1	[       ]
78    	0     	    201	              ""	     65.6562	    266.60	    0.0	    00000000     00000000	   1	[       ]
79    	0     	     45	              ""	     66.8389	   1182.62	    0.0	    00000000     00000000	   1	[       ]
80    	0     	    201	              ""	     67.0967	    257.81	    0.0	    00000000     00000000	   1	[       ]
81    	0     	     41	              ""	     68.3389	   1242.19	    0.0	    00000000     00000000	   1	[       ]
82    	0     	    201	              ""	     68.5361	    197.27	    0.0	    00000000     00000000	   1	[       ]
83    	0     	     22	              ""	     85.0156	  16479.49	    0.0	    00000000     00000000	   1	[       ]
84    	0     	    201	              ""	     85.3838	    368.16	    0.0	    00000000     00000000	   1	[       ]
85    	0     	     21	              ""	     86.4492	   1065.43	    0.0	    00000000     00000000	   1	[       ]
86    	0     	    201	              ""	     86.7842	    334.96	    0.0	    00000000     00000000	   1	[       ]
87    	0     	     25	              ""	     87.9814	   1197.27	    0.0	    00000000     00000000	   1	[       ]
88    	0     	    201	              ""	     88.2559	    274.41	    0.0	    00000000     00000000	   1	[       ]
89    	0     	     22	              ""	     89.4814	   1225.59	    0.0	    00000000     00000000	   1	[       ]
90    	0     	    202	              ""	     90.9199	   1438.48	    0.0	    00000000     00000000	   1	[       ]
91    	0     	     22	              ""	     90.9639	     43.95	    0.0	    00000000     00000000	   1	[       ]
92    	0     	    202	              ""	     91.2803	    316.41	    0.0	    00000000     00000000	   1	[       ]
93    	0     	     23	              ""	     92.4297	   1149.41	    0.0	    00000000     00000000	   1	[       ]
94    	0     	     21	              ""	     93.8633	   1433.59	    0.0	    00000000     00000000	   1	[       ]
95    	0     	    201	              ""	     94.1279	    264.65	    0.0	    00000000     00000000	   1	[       ]
96    	0     	     21	              ""	     95.2959	   1167.97	    0.0	    00000000     00000000	   1	[       ]
97    	0     	    201	              ""	     95.5840	    288.09	    0.0	    00000000     00000000	   1	[       ]
98    	0     	     24	              ""	     96.6953	   1111.33	    0.0	    00000000     00000000	   1	[       ]
99    	0     	    202	              ""	     97.1992	    503.91	    0.0	    00000000     00000000	   1	[       ]
100   	0     	     24	              ""	     98.1611	    961.91	    0.0	    00000000     00000000	   1	[       ]
101   	0     	    201	              ""	     98.4072	    246.09	    0.0	    00000000     00000000	   1	[       ]
102   	0     	     22	              ""	     99.6943	   1287.11	    0.0	    00000000     00000000	   1	[       ]
103   	0     	    202	              ""	     99.9756	    281.25	    0.0	    00000000     00000000	   1	[       ]
104   	0     	     24	              ""	    101.2607	   1285.16	    0.0	    00000000     00000000	   1	[       ]
105   	0     	    201	              ""	    101.5996	    338.87	    0.0	    00000000     00000000	   1	[       ]
106   	0     	     21	              ""	    102.8262	   1226.56	    0.0	    00000000     00000000	   1	[       ]
107   	0     	    201	              ""	    103.0713	    245.12	    0.0	    00000000     00000000	   1	[       ]
108   	0     	     21	              ""	    104.4092	   1337.89	    0.0	    00000000     00000000	   1	[       ]
109   	0     	    201	              ""	    104.6797	    270.51	    0.0	    00000000     00000000	   1	[       ]
110   	0     	     21	              ""	    105.9248	   1245.12	    0.0	    00000000     00000000	   1	[       ]
111   	0     	    201	              ""	    106.1836	    258.79	    0.0	    00000000     00000000	   1	[       ]
112   	0     	     23	              ""	    107.5244	   1340.82	    0.0	    00000000     00000000	   1	[       ]
113   	0     	    201	              ""	    107.8232	    298.83	    0.0	    00000000     00000000	   1	[       ]
114   	0     	     24	              ""	    109.1240	   1300.78	    0.0	    00000000     00000000	   1	[       ]
115   	0     	    201	              ""	    109.3838	    259.77	    0.0	    00000000     00000000	   1	[       ]
116   	0     	     24	              ""	    110.5898	   1206.05	    0.0	    00000000     00000000	   1	[       ]
117   	0     	    201	              ""	    110.8633	    273.44	    0.0	    00000000     00000000	   1	[       ]
118   	0     	     23	              ""	    111.9902	   1126.95	    0.0	    00000000     00000000	   1	[       ]
119   	0     	    201	              ""	    112.2393	    249.02	    0.0	    00000000     00000000	   1	[       ]
120   	0     	     21	              ""	    113.3896	   1150.39	    0.0	    00000000     00000000	   1	[       ]
121   	0     	    201	              ""	    113.6475	    257.81	    0.0	    00000000     00000000	   1	[       ]
122   	0     	     24	              ""	    114.9717	   1324.22	    0.0	    00000000     00000000	   1	[       ]
123   	0     	    201	              ""	    115.2471	    275.39	    0.0	    00000000     00000000	   1	[       ]
124   	0     	     24	              ""	    116.5547	   1307.62	    0.0	    00000000     00000000	   1	[       ]
125   	0     	    201	              ""	    116.8555	    300.78	    0.0	    00000000     00000000	   1	[       ]
126   	0     	     25	              ""	    118.1045	   1249.02	    0.0	    00000000     00000000	   1	[       ]
127   	0     	    201	              ""	    118.3994	    294.92	    0.0	    00000000     00000000	   1	[       ]
128   	0     	     24	              ""	    119.5371	   1137.70	    0.0	    00000000     00000000	   1	[       ]
129   	0     	    201	              ""	    119.7676	    230.47	    0.0	    00000000     00000000	   1	[       ]
130   	0     	     22	              ""	    121.1367	   1369.14	    0.0	    00000000     00000000	   1	[       ]
131   	0     	    202	              ""	    121.3193	    182.62	    0.0	    00000000     00000000	   1	[       ]
132   	0     	     24	              ""	    122.7197	   1400.39	    0.0	    00000000     00000000	   1	[       ]
133   	0     	    201	              ""	    122.9434	    223.63	    0.0	    00000000     00000000	   1	[       ]
134   	0     	     21	              ""	    124.1689	   1225.59	    0.0	    00000000     00000000	   1	[       ]
135   	0     	    201	              ""	    124.4072	    238.28	    0.0	    00000000     00000000	   1	[       ]
136   	0     	     25	              ""	    125.6348	   1227.54	    0.0	    00000000     00000000	   1	[       ]
137   	0     	    201	              ""	    125.8789	    244.14	    0.0	    00000000     00000000	   1	[       ]
138   	0     	     24	              ""	    127.0840	   1205.08	    0.0	    00000000     00000000	   1	[       ]
139   	0     	    201	              ""	    127.2871	    203.12	    0.0	    00000000     00000000	   1	[       ]
140   	0     	     24	              ""	    128.5674	   1280.27	    0.0	    00000000     00000000	   1	[       ]
141   	0     	    201	              ""	    128.8154	    248.05	    0.0	    00000000     00000000	   1	[       ]
142   	0     	     24	              ""	    130.1162	   1300.78	    0.0	    00000000     00000000	   1	[       ]
143   	0     	    201	              ""	    130.3428	    226.56	    0.0	    00000000     00000000	   1	[       ]
144   	0     	     25	              ""	    131.6494	   1306.64	    0.0	    00000000     00000000	   1	[       ]
145   	0     	    201	              ""	    131.9268	    277.34	    0.0	    00000000     00000000	   1	[       ]
146   	0     	     22	              ""	    133.1826	   1255.86	    0.0	    00000000     00000000	   1	[       ]
147   	0     	    201	              ""	    133.5107	    328.12	    0.0	    00000000     00000000	   1	[       ]
148   	0     	     23	              ""	    134.7314	   1220.70	    0.0	    00000000     00000000	   1	[       ]
149   	0     	    201	              ""	    134.9824	    250.98	    0.0	    00000000     00000000	   1	[       ]
150   	0     	     24	              ""	    136.2979	   1315.43	    0.0	    00000000     00000000	   1	[       ]
151   	0     	    201	              ""	    136.5264	    228.52	    0.0	    00000000     00000000	   1	[       ]
152   	0     	     21	              ""	    137.8809	   1354.49	    0.0	    00000000     00000000	   1	[       ]
153   	0     	    201	              ""	    138.1104	    229.49	    0.0	    00000000     00000000	   1	[       ]
154   	0     	     22	              ""	    139.3965	   1286.13	    0.0	    00000000     00000000	   1	[       ]
155   	0     	    201	              ""	    139.7344	    337.89	    0.0	    00000000     00000000	   1	[       ]
156   	0     	     22	              ""	    140.9297	   1195.31	    0.0	    00000000     00000000	   1	[       ]
157   	0     	    201	              ""	    141.2148	    285.16	    0.0	    00000000     00000000	   1	[       ]
158   	0     	     24	              ""	    142.4121	   1197.27	    0.0	    00000000     00000000	   1	[       ]
159   	0     	    201	              ""	    142.6865	    274.41	    0.0	    00000000     00000000	   1	[       ]
160   	0     	     24	              ""	    143.8447	   1158.20	    0.0	    00000000     00000000	   1	[       ]
161   	0     	    201	              ""	    144.1025	    257.81	    0.0	    00000000     00000000	   1	[       ]
162   	0     	     51	              ""	    156.8906	  12788.09	    0.0	    00000000     00000000	   1	[       ]
163   	0     	    201	              ""	    157.1982	    307.62	    0.0	    00000000     00000000	   1	[       ]
164   	0     	     54	              ""	    158.4395	   1241.21	    0.0	    00000000     00000000	   1	[       ]
165   	0     	    201	              ""	    158.7100	    270.51	    0.0	    00000000     00000000	   1	[       ]
166   	0     	     55	              ""	    159.8389	   1128.91	    0.0	    00000000     00000000	   1	[       ]
167   	0     	    201	              ""	    160.2305	    391.60	    0.0	    00000000     00000000	   1	[       ]
168   	0     	     51	              ""	    161.3389	   1108.40	    0.0	    00000000     00000000	   1	[       ]
169   	0     	    201	              ""	    161.6221	    283.20	    0.0	    00000000     00000000	   1	[       ]
170   	0     	     52	              ""	    162.7549	   1132.81	    0.0	    00000000     00000000	   1	[       ]
171   	0     	    201	              ""	    163.1104	    355.47	    0.0	    00000000     00000000	   1	[       ]
172   	0     	     54	              ""	    164.2041	   1093.75	    0.0	    00000000     00000000	   1	[       ]
173   	0     	    201	              ""	    164.4385	    234.38	    0.0	    00000000     00000000	   1	[       ]
174   	0     	     53	              ""	    165.7207	   1282.23	    0.0	    00000000     00000000	   1	[       ]
175   	0     	    201	              ""	    165.9980	    277.34	    0.0	    00000000     00000000	   1	[       ]
176   	0     	     52	              ""	    167.1367	   1138.67	    0.0	    00000000     00000000	   1	[       ]
177   	0     	    201	              ""	    167.4141	    277.34	    0.0	    00000000     00000000	   1	[       ]
178   	0     	     51	              ""	    168.6191	   1205.08	    0.0	    00000000     00000000	   1	[       ]
179   	0     	    201	              ""	    168.9102	    291.02	    0.0	    00000000     00000000	   1	[       ]
180   	0     	     53	              ""	    170.2021	   1291.99	    0.0	    00000000     00000000	   1	[       ]
181   	0     	    201	              ""	    170.4619	    259.77	    0.0	    00000000     00000000	   1	[       ]
182   	0     	     52	              ""	    171.7852	   1323.24	    0.0	    00000000     00000000	   1	[       ]
183   	0     	    201	              ""	    172.0225	    237.30	    0.0	    00000000     00000000	   1	[       ]
184   	0     	     52	              ""	    173.3174	   1294.92	    0.0	    00000000     00000000	   1	[       ]
185   	0     	    201	              ""	    173.6465	    329.10	    0.0	    00000000     00000000	   1	[       ]
186   	0     	     52	              ""	    174.9004	   1253.91	    0.0	    00000000     00000000	   1	[       ]
187   	0     	    201	              ""	    175.1260	    225.59	    0.0	    00000000     00000000	   1	[       ]
188   	0     	     55	              ""	    176.3672	   1241.21	    0.0	    00000000     00000000	   1	[       ]
189   	0     	    201	              ""	    176.7744	    407.23	    0.0	    00000000     00000000	   1	[       ]
190   	0     	     55	              ""	    177.8994	   1125.00	    0.0	    00000000     00000000	   1	[       ]
191   	0     	    201	              ""	    178.1738	    274.41	    0.0	    00000000     00000000	   1	[       ]
192   	0     	     55	              ""	    179.3154	   1141.60	    0.0	    00000000     00000000	   1	[       ]
193   	0     	    201	              ""	    179.6455	    330.08	    0.0	    00000000     00000000	   1	[       ]
194   	0     	     52	              ""	    180.8154	   1169.92	    0.0	    00000000     00000000	   1	[       ]
195   	0     	    201	              ""	    181.0859	    270.51	    0.0	    00000000     00000000	   1	[       ]
196   	0     	     54	              ""	    182.2314	   1145.51	    0.0	    00000000     00000000	   1	[       ]
197   	0     	    201	              ""	    182.5576	    326.17	    0.0	    00000000     00000000	   1	[       ]
198   	0     	     52	              ""	    183.7979	   1240.23	    0.0	    00000000     00000000	   1	[       ]
199   	0     	    201	              ""	    184.0215	    223.63	    0.0	    00000000     00000000	   1	[       ]
200   	0     	     55	              ""	    185.3301	   1308.59	    0.0	    00000000     00000000	   1	[       ]
201   	0     	    201	              ""	    185.6777	    347.66	    0.0	    00000000     00000000	   1	[       ]
202   	0     	     52	              ""	    186.9297	   1251.95	    0.0	    00000000     00000000	   1	[       ]
203   	0     	    201	              ""	    187.2461	    316.41	    0.0	    00000000     00000000	   1	[       ]
204   	0     	     51	              ""	    188.4453	   1199.22	    0.0	    00000000     00000000	   1	[       ]
205   	0     	    201	              ""	    188.7734	    328.12	    0.0	    00000000     00000000	   1	[       ]
206   	0     	     53	              ""	    189.9785	   1205.08	    0.0	    00000000     00000000	   1	[       ]
207   	0     	    201	              ""	    190.2617	    283.20	    0.0	    00000000     00000000	   1	[       ]
208   	0     	     53	              ""	    191.5283	   1266.60	    0.0	    00000000     00000000	   1	[       ]
209   	0     	    201	              ""	    191.8457	    317.38	    0.0	    00000000     00000000	   1	[       ]
210   	0     	     53	              ""	    193.0771	   1231.45	    0.0	    00000000     00000000	   1	[       ]
211   	0     	    201	              ""	    193.3096	    232.42	    0.0	    00000000     00000000	   1	[       ]
212   	0     	     55	              ""	    194.5107	   1201.17	    0.0	    00000000     00000000	   1	[       ]
213   	0     	    202	              ""	    194.8135	    302.73	    0.0	    00000000     00000000	   1	[       ]
214   	0     	     51	              ""	    196.0430	   1229.49	    0.0	    00000000     00000000	   1	[       ]
215   	0     	    201	              ""	    196.3018	    258.79	    0.0	    00000000     00000000	   1	[       ]
216   	0     	     51	              ""	    197.5928	   1291.02	    0.0	    00000000     00000000	   1	[       ]
217   	0     	    201	              ""	    197.8135	    220.70	    0.0	    00000000     00000000	   1	[       ]
218   	0     	     55	              ""	    198.9922	   1178.71	    0.0	    00000000     00000000	   1	[       ]
219   	0     	    201	              ""	    199.3496	    357.42	    0.0	    00000000     00000000	   1	[       ]
220   	0     	     55	              ""	    200.5586	   1208.98	    0.0	    00000000     00000000	   1	[       ]
221   	0     	    201	              ""	    200.8213	    262.70	    0.0	    00000000     00000000	   1	[       ]
222   	0     	     52	              ""	    202.0410	   1219.73	    0.0	    00000000     00000000	   1	[       ]
223   	0     	    201	              ""	    202.3330	    291.99	    0.0	    00000000     00000000	   1	[       ]
224   	0     	     53	              ""	    203.6240	   1291.02	    0.0	    00000000     00000000	   1	[       ]
225   	0     	    201	              ""	    203.9414	    317.38	    0.0	    00000000     00000000	   1	[       ]
226   	0     	     54	              ""	    205.1230	   1181.64	    0.0	    00000000     00000000	   1	[       ]
227   	0     	    201	              ""	    205.4297	    306.64	    0.0	    00000000     00000000	   1	[       ]
228   	0     	     52	              ""	    206.7227	   1292.97	    0.0	    00000000     00000000	   1	[       ]
229   	0     	    201	              ""	    206.9414	    218.75	    0.0	    00000000     00000000	   1	[       ]
230   	0     	     53	              ""	    208.1387	   1197.27	    0.0	    00000000     00000000	   1	[       ]
231   	0     	    201	              ""	    208.7568	    618.16	    0.0	    00000000     00000000	   1	[       ]
232   	0     	     51	              ""	    209.5547	    797.85	    0.0	    00000000     00000000	   1	[       ]
233   	0     	    201	              ""	    209.8936	    338.87	    0.0	    00000000     00000000	   1	[       ]
234   	0     	     51	              ""	    211.0049	   1111.33	    0.0	    00000000     00000000	   1	[       ]
235   	0     	    201	              ""	    211.2295	    224.61	    0.0	    00000000     00000000	   1	[       ]
236   	0     	     52	              ""	    212.5039	   1274.41	    0.0	    00000000     00000000	   1	[       ]
237   	0     	    201	              ""	    212.8057	    301.76	    0.0	    00000000     00000000	   1	[       ]
238   	0     	     52	              ""	    213.9365	   1130.86	    0.0	    00000000     00000000	   1	[       ]
239   	0     	    201	              ""	    214.1094	    172.85	    0.0	    00000000     00000000	   1	[       ]
240   	0     	     54	              ""	    215.4023	   1292.97	    0.0	    00000000     00000000	   1	[       ]
241   	0     	    201	              ""	    215.5732	    170.90	    0.0	    00000000     00000000	   1	[       ]
242   	0     	     14	              ""	    233.2461	  17672.85	    0.0	    00000000     00000000	   1	[       ]
243   	0     	    201	              ""	    233.5244	    278.32	    0.0	    00000000     00000000	   1	[       ]
244   	0     	     11	              ""	    234.8457	   1321.29	    0.0	    00000000     00000000	   1	[       ]
245   	0     	    201	              ""	    235.2451	    399.41	    0.0	    00000000     00000000	   1	[       ]
246   	0     	     12	              ""	    236.4121	   1166.99	    0.0	    00000000     00000000	   1	[       ]
247   	0     	    201	              ""	    236.6689	    256.84	    0.0	    00000000     00000000	   1	[       ]
248   	0     	     13	              ""	    237.9277	   1258.79	    0.0	    00000000     00000000	   1	[       ]
249   	0     	    201	              ""	    238.3408	    413.09	    0.0	    00000000     00000000	   1	[       ]
250   	0     	     12	              ""	    239.4609	   1120.12	    0.0	    00000000     00000000	   1	[       ]
251   	0     	    201	              ""	    239.9883	    527.34	    0.0	    00000000     00000000	   1	[       ]
252   	0     	     13	              ""	    240.9434	    955.08	    0.0	    00000000     00000000	   1	[       ]
253   	0     	    201	              ""	    241.1963	    252.93	    0.0	    00000000     00000000	   1	[       ]
254   	0     	     15	              ""	    242.3604	   1164.06	    0.0	    00000000     00000000	   1	[       ]
255   	0     	    201	              ""	    242.6123	    251.95	    0.0	    00000000     00000000	   1	[       ]
256   	0     	     15	              ""	    243.8262	   1213.87	    0.0	    00000000     00000000	   1	[       ]
257   	0     	    201	              ""	    244.0283	    202.15	    0.0	    00000000     00000000	   1	[       ]
258   	0     	     11	              ""	    245.3252	   1296.88	    0.0	    00000000     00000000	   1	[       ]
259   	0     	    201	              ""	    245.6289	    303.71	    0.0	    00000000     00000000	   1	[       ]
260   	0     	     11	              ""	    246.7578	   1128.91	    0.0	    00000000     00000000	   1	[       ]
261   	0     	    201	              ""	    247.0283	    270.51	    0.0	    00000000     00000000	   1	[       ]
262   	0     	     11	              ""	    248.3242	   1295.90	    0.0	    00000000     00000000	   1	[       ]
263   	0     	    201	              ""	    248.5723	    248.05	    0.0	    00000000     00000000	   1	[       ]
264   	0     	     14	              ""	    249.9072	   1334.96	    0.0	    00000000     00000000	   1	[       ]
265   	0     	    201	              ""	    250.1963	    289.06	    0.0	    00000000     00000000	   1	[       ]
266   	0     	     15	              ""	    251.4570	   1260.74	    0.0	    00000000     00000000	   1	[       ]
267   	0     	    201	              ""	    251.6768	    219.73	    0.0	    00000000     00000000	   1	[       ]
268   	0     	     14	              ""	    252.9893	   1312.50	    0.0	    00000000     00000000	   1	[       ]
269   	0     	    201	              ""	    253.2207	    231.45	    0.0	    00000000     00000000	   1	[       ]
270   	0     	     14	              ""	    254.5889	   1368.16	    0.0	    00000000     00000000	   1	[       ]
271   	0     	    201	              ""	    254.7881	    199.22	    0.0	    00000000     00000000	   1	[       ]
272   	0     	     15	              ""	    256.1719	   1383.79	    0.0	    00000000     00000000	   1	[       ]
273   	0     	    201	              ""	    256.3721	    200.20	    0.0	    00000000     00000000	   1	[       ]
274   	0     	     13	              ""	    257.6211	   1249.02	    0.0	    00000000     00000000	   1	[       ]
275   	0     	    201	              ""	    257.9082	    287.11	    0.0	    00000000     00000000	   1	[       ]
276   	0     	     11	              ""	    259.0537	   1145.51	    0.0	    00000000     00000000	   1	[       ]
277   	0     	    201	              ""	    259.3721	    318.36	    0.0	    00000000     00000000	   1	[       ]
278   	0     	     14	              ""	    260.5371	   1165.04	    0.0	    00000000     00000000	   1	[       ]
279   	0     	    201	              ""	    260.7803	    243.16	    0.0	    00000000     00000000	   1	[       ]
280   	0     	     12	              ""	    261.9531	   1172.85	    0.0	    00000000     00000000	   1	[       ]
281   	0     	    201	              ""	    262.2998	    346.68	    0.0	    00000000     00000000	   1	[       ]
282   	0     	     13	              ""	    263.4189	   1119.14	    0.0	    00000000     00000000	   1	[       ]
283   	0     	    201	              ""	    263.6523	    233.40	    0.0	    00000000     00000000	   1	[       ]
284   	0     	     14	              ""	    264.8848	   1232.42	    0.0	    00000000     00000000	   1	[       ]
285   	0     	    201	              ""	    265.1084	    223.63	    0.0	    00000000     00000000	   1	[       ]
286   	0     	     11	              ""	    266.4014	   1292.97	    0.0	    00000000     00000000	   1	[       ]
287   	0     	    201	              ""	    266.7637	    362.30	    0.0	    00000000     00000000	   1	[       ]
288   	0     	     15	              ""	    267.9512	   1187.50	    0.0	    00000000     00000000	   1	[       ]
289   	0     	    201	              ""	    268.2764	    325.20	    0.0	    00000000     00000000	   1	[       ]
290   	0     	     12	              ""	    269.4336	   1157.23	    0.0	    00000000     00000000	   1	[       ]
291   	0     	    201	              ""	    269.6924	    258.79	    0.0	    00000000     00000000	   1	[       ]
292   	0     	     15	              ""	    270.9326	   1240.23	    0.0	    00000000     00000000	   1	[       ]
293   	0     	    201	              ""	    271.1318	    199.22	    0.0	    00000000     00000000	   1	[       ]
294   	0     	     13	              ""	    272.5156	   1383.79	    0.0	    00000000     00000000	   1	[       ]
295   	0     	    201	              ""	    272.7314	    215.82	    0.0	    00000000     00000000	   1	[       ]
296   	0     	     15	              ""	    273.9482	   1216.80	    0.0	    00000000     00000000	   1	[       ]
297   	0     	    201	              ""	    274.2041	    255.86	    0.0	    00000000     00000000	   1	[       ]
298   	0     	     11	              ""	    275.5312	   1327.15	    0.0	    00000000     00000000	   1	[       ]
299   	0     	    202	              ""	    275.8994	    368.16	    0.0	    00000000     00000000	   1	[       ]
300   	0     	     13	              ""	    276.9307	   1031.25	    0.0	    00000000     00000000	   1	[       ]
301   	0     	    201	              ""	    277.1641	    233.40	    0.0	    00000000     00000000	   1	[       ]
302   	0     	     13	              ""	    278.3799	   1215.82	    0.0	    00000000     00000000	   1	[       ]
303   	0     	    201	              ""	    278.5879	    208.01	    0.0	    00000000     00000000	   1	[       ]
304   	0     	     14	              ""	    279.8633	   1275.39	    0.0	    00000000     00000000	   1	[       ]
305   	0     	    201	              ""	    280.0273	    164.06	    0.0	    00000000     00000000	   1	[       ]
306   	0     	     12	              ""	    281.3789	   1351.56	    0.0	    00000000     00000000	   1	[       ]
307   	0     	    201	              ""	    281.5635	    184.57	    0.0	    00000000     00000000	   1	[       ]
308   	0     	     11	              ""	    282.7959	   1232.42	    0.0	    00000000     00000000	   1	[       ]
309   	0     	    202	              ""	    282.9717	    175.78	    0.0	    00000000     00000000	   1	[       ]
310   	0     	     12	              ""	    284.2119	   1240.23	    0.0	    00000000     00000000	   1	[       ]
311   	0     	    201	              ""	    284.3799	    167.97	    0.0	    00000000     00000000	   1	[       ]
312   	0     	     12	              ""	    285.7939	   1414.06	    0.0	    00000000     00000000	   1	[       ]
313   	0     	    201	              ""	    285.9316	    137.70	    0.0	    00000000     00000000	   1	[       ]
314   	0     	     14	              ""	    287.1943	   1262.70	    0.0	    00000000     00000000	   1	[       ]
315   	0     	    201	              ""	    287.3877	    193.36	    0.0	    00000000     00000000	   1	[       ]
316   	0     	     14	              ""	    288.7100	   1322.27	    0.0	    00000000     00000000	   1	[       ]
317   	0     	    201	              ""	    288.8438	    133.79	    0.0	    00000000     00000000	   1	[       ]
318   	0     	     15	              ""	    290.2930	   1449.22	    0.0	    00000000     00000000	   1	[       ]
319   	0     	    201	              ""	    290.4678	    174.80	    0.0	    00000000     00000000	   1	[       ]
320   	0     	     15	              ""	    291.8926	   1424.80	    0.0	    00000000     00000000	   1	[       ]
321   	0     	    201	              ""	    292.1318	    239.26	    0.0	    00000000     00000000	   1	[       ]
322   	0     	     33	              ""	    308.0859	  15954.10	    0.0	    00000000     00000000	   1	[       ]
323   	0     	    201	              ""	    308.4912	    405.27	    0.0	    00000000     00000000	   1	[       ]
324   	0     	     32	              ""	    309.5361	   1044.92	    0.0	    00000000     00000000	   1	[       ]
325   	0     	    201	              ""	    309.8672	    331.05	    0.0	    00000000     00000000	   1	[       ]
326   	0     	     34	              ""	    310.9854	   1118.16	    0.0	    00000000     00000000	   1	[       ]
327   	0     	    201	              ""	    311.2031	    217.77	    0.0	    00000000     00000000	   1	[       ]
328   	0     	     31	              ""	    312.4180	   1214.84	    0.0	    00000000     00000000	   1	[       ]
329   	0     	    201	              ""	    312.6348	    216.80	    0.0	    00000000     00000000	   1	[       ]
330   	0     	     35	              ""	    313.8340	   1199.22	    0.0	    00000000     00000000	   1	[       ]
331   	0     	    201	              ""	    314.0508	    216.80	    0.0	    00000000     00000000	   1	[       ]
332   	0     	     33	              ""	    315.3506	   1299.80	    0.0	    00000000     00000000	   1	[       ]
333   	0     	    202	              ""	    315.5469	    196.29	    0.0	    00000000     00000000	   1	[       ]
334   	0     	     35	              ""	    316.8164	   1269.53	    0.0	    00000000     00000000	   1	[       ]
335   	0     	    201	              ""	    317.1465	    330.08	    0.0	    00000000     00000000	   1	[       ]
336   	0     	     31	              ""	    318.3994	   1252.93	    0.0	    00000000     00000000	   1	[       ]
337   	0     	    201	              ""	    318.6270	    227.54	    0.0	    00000000     00000000	   1	[       ]
338   	0     	     31	              ""	    319.8154	   1188.48	    0.0	    00000000     00000000	   1	[       ]
339   	0     	    201	              ""	    320.1230	    307.62	    0.0	    00000000     00000000	   1	[       ]
340   	0     	     32	              ""	    321.2646	   1141.60	    0.0	    00000000     00000000	   1	[       ]
341   	0     	    201	              ""	    321.4590	    194.34	    0.0	    00000000     00000000	   1	[       ]
342   	0     	     31	              ""	    322.8477	   1388.67	    0.0	    00000000     00000000	   1	[       ]
343   	0     	    201	              ""	    323.0752	    227.54	    0.0	    00000000     00000000	   1	[       ]
344   	0     	     31	              ""	    324.2803	   1205.08	    0.0	    00000000     00000000	   1	[       ]
345   	0     	    201	              ""	    324.4824	    202.15	    0.0	    00000000     00000000	   1	[       ]
346   	0     	     35	              ""	    325.8467	   1364.26	    0.0	    00000000     00000000	   1	[       ]
347   	0     	    201	              ""	    326.1309	    284.18	    0.0	    00000000     00000000	   1	[       ]
348   	0     	     34	              ""	    327.4463	   1315.43	    0.0	    00000000     00000000	   1	[       ]
349   	0     	    201	              ""	    327.6592	    212.89	    0.0	    00000000     00000000	   1	[       ]
350   	0     	     34	              ""	    329.0127	   1353.52	    0.0	    00000000     00000000	   1	[       ]
351   	0     	    201	              ""	    329.2988	    286.13	    0.0	    00000000     00000000	   1	[       ]
352   	0     	     35	              ""	    330.5117	   1212.89	    0.0	    00000000     00000000	   1	[       ]
353   	0     	    201	              ""	    330.8271	    315.43	    0.0	    00000000     00000000	   1	[       ]
354   	0     	     32	              ""	    332.0107	   1183.59	    0.0	    00000000     00000000	   1	[       ]
355   	0     	    201	              ""	    332.2031	    192.38	    0.0	    00000000     00000000	   1	[       ]
356   	0     	     33	              ""	    333.5771	   1374.02	    0.0	    00000000     00000000	   1	[       ]
357   	0     	    201	              ""	    333.9062	    329.10	    0.0	    00000000     00000000	   1	[       ]
358   	0     	     33	              ""	    335.0605	   1154.30	    0.0	    00000000     00000000	   1	[       ]
359   	0     	    201	              ""	    335.3389	    278.32	    0.0	    00000000     00000000	   1	[       ]
360   	0     	     31	              ""	    336.6094	   1270.51	    0.0	    00000000     00000000	   1	[       ]
361   	0     	    201	              ""	    336.8828	    273.44	    0.0	    00000000     00000000	   1	[       ]
362   	0     	     32	              ""	    338.1426	   1259.77	    0.0	    00000000     00000000	   1	[       ]
363   	0     	    201	              ""	    338.3701	    227.54	    0.0	    00000000     00000000	   1	[       ]
364   	0     	     32	              ""	    339.7080	   1337.89	    0.0	    00000000     00000000	   1	[       ]
365   	0     	    201	              ""	    339.9941	    286.13	    0.0	    00000000     00000000	   1	[       ]
366   	0     	     33	              ""	    341.1250	   1130.86	    0.0	    00000000     00000000	   1	[       ]
367   	0     	    202	              ""	    341.3945	    269.53	    0.0	    00000000     00000000	   1	[       ]
368   	0     	     32	              ""	    342.6904	   1295.90	    0.0	    00000000     00000000	   1	[       ]
369   	0     	    201	              ""	    342.8662	    175.78	    0.0	    00000000     00000000	   1	[       ]
370   	0     	     34	              ""	    344.2900	   1423.83	    0.0	    00000000     00000000	   1	[       ]
371   	0     	    201	              ""	    344.5859	    295.90	    0.0	    00000000     00000000	   1	[       ]
372   	0     	     33	              ""	    345.8896	   1303.71	    0.0	    00000000     00000000	   1	[       ]
373   	0     	    201	              ""	    346.1699	    280.27	    0.0	    00000000     00000000	   1	[       ]
374   	0     	     31	              ""	    347.4727	   1302.73	    0.0	    00000000     00000000	   1	[       ]
375   	0     	    201	              ""	    347.7227	    250.00	    0.0	    00000000     00000000	   1	[       ]
376   	0     	     33	              ""	    348.9219	   1199.22	    0.0	    00000000     00000000	   1	[       ]
377   	0     	    201	              ""	    349.1787	    256.84	    0.0	    00000000     00000000	   1	[       ]
378   	0     	     34	              ""	    350.3545	   1175.78	    0.0	    00000000     00000000	   1	[       ]
379   	0     	    201	              ""	    350.6426	    288.09	    0.0	    00000000     00000000	   1	[       ]
380   	0     	     34	              ""	    351.8203	   1177.73	    0.0	    00000000     00000000	   1	[       ]
381   	0     	    201	              ""	    352.0986	    278.32	    0.0	    00000000     00000000	   1	[       ]
382   	0     	     35	              ""	    353.2705	   1171.88	    0.0	    00000000     00000000	   1	[       ]
383   	0     	    201	              ""	    353.7783	    507.81	    0.0	    00000000     00000000	   1	[       ]
384   	0     	     35	              ""	    354.7031	    924.80	    0.0	    00000000     00000000	   1	[       ]
385   	0     	    201	              ""	    355.0020	    298.83	    0.0	    00000000     00000000	   1	[       ]
386   	0     	     34	              ""	    356.1855	   1183.59	    0.0	    00000000     00000000	   1	[       ]
387   	0     	    201	              ""	    356.5137	    328.12	    0.0	    00000000     00000000	   1	[       ]
388   	0     	     34	              ""	    357.6855	   1171.88	    0.0	    00000000     00000000	   1	[       ]
389   	0     	    201	              ""	    357.9219	    236.33	    0.0	    00000000     00000000	   1	[       ]
390   	0     	     31	              ""	    359.2510	   1329.10	    0.0	    00000000     00000000	   1	[       ]
391   	0     	    201	              ""	    359.5537	    302.73	    0.0	    00000000     00000000	   1	[       ]
392   	0     	     35	              ""	    360.8174	   1263.67	    0.0	    00000000     00000000	   1	[       ]
393   	0     	    201	              ""	    361.0098	    192.38	    0.0	    00000000     00000000	   1	[       ]
394   	0     	     32	              ""	    362.3506	   1340.82	    0.0	    00000000     00000000	   1	[       ]
395   	0     	    201	              ""	    362.5615	    210.94	    0.0	    00000000     00000000	   1	[       ]
396   	0     	     32	              ""	    363.8164	   1254.88	    0.0	    00000000     00000000	   1	[       ]
397   	0     	    201	              ""	    364.0498	    233.40	    0.0	    00000000     00000000	   1	[       ]
398   	0     	     33	              ""	    365.2822	   1232.42	    0.0	    00000000     00000000	   1	[       ]
399   	0     	    201	              ""	    365.6338	    351.56	    0.0	    00000000     00000000	   1	[       ]
400   	0     	     34	              ""	    366.8154	   1181.64	    0.0	    00000000     00000000	   1	[       ]
401   	0     	    201	              ""	    367.0020	    186.52	    0.0	    00000000     00000000	   1	[       ]
